END STATES:
0.0164296
0.473043
0.0173648
0.00164652
0.74903
0.67899
3.2874e-05
0.702898
0.952718
0.994214
0.999998
2.34665e-08
4.27203
0.000152934
0.00041977
0.897898
10.132
-85.423
138.52


CHECKS
0 -0.703658 -7.03658e-05
1 0.433257 4.33257e-05
2 -0.351524 -3.51524e-05
3 -0.0348236 -3.48236e-06
4 0.302158 3.02158e-05
5 1.89886 0.000189886
6 -5.96626e-05 -5.96626e-09
7 2.98195 0.000298195
8 1.17565 0.000117565
9 0.14027 1.4027e-05
10 -1.78676e-05 -1.78676e-09
11 -3.53507e-08 -3.53507e-12
12 0.347233 3.47233e-05
13 -0.00066013 -6.6013e-08
14 -0.00229618 -2.29618e-07
15 0.981994 9.81994e-05
16 0.110859 1.10859e-05
17 0.00719924 7.19924e-07
18 0.0395621 3.95621e-06
